11. 1111111 111 1111111.

. 1111 1111111111 111111 111 111111 1111111111(111111111111111111111111111111111111
111111111111111111111111121). 111111 11111111. 11 11111 11111111 111111111 11111111
11111111 1111111 1111111111

1. 1111111111 111 (1111111111118. 11111, 111 1111111111, 111 12. 11111, incl.

2. 111111111111 111 1111111111, 111 11. 11111, 111 1111111111, 111 1. 1111111, 1111.

3. 1111111111 111 11111111, 111 28. 111111111111111111111, 111 7. 1111111, 1111.

4. 3111111111111ἑ1ἐί1ηεῐ111 1111111111, 111 21. 1111111111 1861, 111 1111111111, 111 2.

11111 8 ,11.
5. 1111111τὶ111 11111111 111111111111111111111 1111 111 11111111111111111111111, 111
3. 111111, 11111111111111111 111 111 1111111111 1111111, 111 17. 111111, 1111111 11111111.

1111111111 1111 111 1111111111 11 111111111 11111 1111

1. 1111111111 5., 111 11111111, 111 6. 3111, 1111 31111 einer 11111111111111 11111111.

2. 1211111111, bren 9. 3u1i, 111111 111 1111111111 111 111 111111111111111111 1111111111

111 1 111111 1.

3. 1111111111, 111131. 1111111, 111111 111 11111111 1111 11111111111111 1111111111.

1. 1111111111, 111 30. 1111111, 11111 1111111111 11111111111111 11111111111111111.

5. 1111111111, 111 28. 1111111111, 111111 111 11111111111111111111111.

mer 1111111111 111 11111111 111 1111111111 111111 111 11111111 11 111111 1111111 11111111
11111111 111111. Die 11111111 11111 111ῡ111111111 1511101111111111, 11 11111 111111 1111
111 1111111 111111111ῖῴ11 1111111111 111 1111111111 111 111111 111 11111111.

1111111111111111111111111111 111111, 111 1111111 1111 11111 111111 1111111111, 111
1111111111 11111111 1111111111 111111 1111111111111 11111111 111 11111111 1111111111.

11111111 1111111 11111 11111111 111 11111111 11111111 11 1111 1111111111 111111
1111111111111111 1111111111 11 1111111 1111111111111111111111 1111111111 11111 1111111
11 111111111111111 111111111111111111111111111 11111111111111, 111 in 11111 11111 11111111,
11111 1111111111 111 111111111111111111111 11111111 111 111111111111111111111111111111111111,
111111 111 1111 11111111111111 11111111111111111111 11111111111111111111111111111 iu 111 11111111
111 11111111111111 111 111111111111111111 1111111111 1111111111 111 11111111111111111
1111111111 111 111 11111111 11111 111111111111111, 1111 1111111111 111 1111111111 11111111
111 1111111111 1111111111 11 11111, 11111111 11111.

31111111111111111 11111111111111111 111 11111111111111.111111111111 1111 11 111
11111 111 11111111 11111111 111 1111111111111111 11 21. 111111 1111 1111111111131111111111
11111, 11 1111111 1111 111 mit 1111 11111111 111 1111111111111111 1111111111 111111 111
11111111111111, 1111111111 111 1111111111 11111111 111 1111111111 1111111111111111111111
111 1111 1111111111 111 111111 1111111111, 111111 111 1111 11111111111111111111 111
1111111111 1111111111111111 111111, 1111111.

1111111 111111111111111111,1111111111111 1111111111 1111111111 11 111 11111111
11111111,11111111,111111111111111111111 111 111111 111 11111111, 111 1111111111 1111 111
1111111111, 111 11111111 11 1111111111. 1111 11 1111111111111111 111 11111111 (1111111111
111311111111111111111 11111, 1111111 11111111 111 1111111111111111111111111111 11111
11111 11111, 111111 111111111111 1111111111. 11111111111111111111111111111111111111111
11111111 11111 11111111 111 1111111111 1111111111 11111111 11111. &eine 1111111111 111 mit
111111111111 111 1111111111 11111111111111111111111111111 1111 111 111111 11111 1111111111,
11111 1111111 11111111 1111111 111 1111111, 111111111111 1111111.

 

